           X  Fieldvalue - complex
 ----------- -----------
 -1,3051E+00 -4,3960E+00
 -1,3001E+00 -4,4355E+00
 -1,2951E+00 -4,4750E+00
 -1,2901E+00 -4,5145E+00
 -1,2851E+00 -4,5540E+00
 -1,2801E+00 -4,5935E+00
 -1,2751E+00 -4,6330E+00
 -1,2701E+00 -4,6725E+00
 -1,2651E+00 -4,7121E+00
 -1,2601E+00 -4,7516E+00
 -1,2551E+00 -4,7911E+00
 -1,2501E+00 -4,8306E+00
 -1,2451E+00 -4,8710E+00
 -1,2401E+00 -4,9114E+00
 -1,2351E+00 -4,9519E+00
 -1,2301E+00 -4,9924E+00
 -1,2251E+00 -5,0328E+00
 -1,2201E+00 -5,0733E+00
 -1,2151E+00 -5,1138E+00
 -1,2101E+00 -5,1542E+00
 -1,2051E+00 -5,1947E+00
 -1,2001E+00 -5,2352E+00
 -1,1951E+00 -5,2756E+00
 -1,1901E+00 -5,3163E+00
 -1,1851E+00 -5,3571E+00
 -1,1801E+00 -5,3978E+00
 -1,1751E+00 -5,4386E+00
 -1,1701E+00 -5,4793E+00
 -1,1651E+00 -5,5201E+00
 -1,1601E+00 -5,5608E+00
 -1,1551E+00 -5,6016E+00
 -1,1501E+00 -5,6423E+00
 -1,1451E+00 -5,6831E+00
 -1,1401E+00 -5,7237E+00
 -1,1351E+00 -5,7642E+00
 -1,1301E+00 -5,8046E+00
 -1,1251E+00 -5,8451E+00
 -1,1201E+00 -5,8856E+00
 -1,1151E+00 -5,9260E+00
 -1,1101E+00 -5,9665E+00
 -1,1051E+00 -6,0070E+00
 -1,1001E+00 -6,0471E+00
 -1,0951E+00 -6,0871E+00
 -1,0901E+00 -6,1270E+00
 -1,0851E+00 -6,1670E+00
 -1,0801E+00 -6,2070E+00
 -1,0751E+00 -6,2470E+00
 -1,0701E+00 -6,2865E+00
 -1,0651E+00 -6,3259E+00
 -1,0601E+00 -6,3653E+00
 -1,0551E+00 -6,4047E+00
 -1,0501E+00 -6,4441E+00
 -1,0451E+00 -6,4835E+00
 -1,0401E+00 -6,5223E+00
 -1,0351E+00 -6,5610E+00
 -1,0301E+00 -6,5998E+00
 -1,0251E+00 -6,6385E+00
 -1,0201E+00 -6,6769E+00
 -1,0151E+00 -6,7151E+00
 -1,0101E+00 -6,7533E+00
 -1,0051E+00 -6,7912E+00
 -1,0001E+00 -6,8291E+00
 -9,9505E-01 -6,8665E+00
 -9,9005E-01 -6,9040E+00
 -9,8505E-01 -6,9414E+00
 -9,8005E-01 -6,9782E+00
 -9,7505E-01 -7,0150E+00
 -9,7005E-01 -7,0518E+00
 -9,6505E-01 -7,0885E+00
 -9,6005E-01 -7,1247E+00
 -9,5505E-01 -7,1605E+00
 -9,5005E-01 -7,1963E+00
 -9,4505E-01 -7,2320E+00
 -9,4005E-01 -7,2678E+00
 -9,3505E-01 -7,3035E+00
 -9,3005E-01 -7,3387E+00
 -9,2505E-01 -7,3732E+00
 -9,2005E-01 -7,4076E+00
 -9,1505E-01 -7,4420E+00
 -9,1005E-01 -7,4764E+00
 -9,0505E-01 -7,5108E+00
 -9,0005E-01 -7,5452E+00
 -8,9505E-01 -7,5782E+00
 -8,9005E-01 -7,6111E+00
 -8,8505E-01 -7,6441E+00
 -8,8005E-01 -7,6770E+00
 -8,7505E-01 -7,7099E+00
 -8,7005E-01 -7,7429E+00
 -8,6505E-01 -7,7750E+00
 -8,6005E-01 -7,8063E+00
 -8,5505E-01 -7,8377E+00
 -8,5005E-01 -7,8691E+00
 -8,4505E-01 -7,9004E+00
 -8,4005E-01 -7,9318E+00
 -8,3505E-01 -7,9630E+00
 -8,3005E-01 -7,9927E+00
 -8,2505E-01 -8,0224E+00
 -8,2004E-01 -8,0522E+00
 -8,1504E-01 -8,0819E+00
 -8,1004E-01 -8,1116E+00
 -8,0504E-01 -8,1413E+00
 -8,0004E-01 -8,1700E+00
 -7,9504E-01 -8,1980E+00
 -7,9004E-01 -8,2260E+00
 -7,8504E-01 -8,2541E+00
 -7,8004E-01 -8,2821E+00
 -7,7504E-01 -8,3102E+00
 -7,7004E-01 -8,3378E+00
 -7,6504E-01 -8,3642E+00
 -7,6004E-01 -8,3905E+00
 -7,5504E-01 -8,4168E+00
 -7,5004E-01 -8,4432E+00
 -7,4504E-01 -8,4695E+00
 -7,4004E-01 -8,4958E+00
 -7,3504E-01 -8,5209E+00
 -7,3004E-01 -8,5455E+00
 -7,2504E-01 -8,5701E+00
 -7,2004E-01 -8,5947E+00
 -7,1504E-01 -8,6193E+00
 -7,1004E-01 -8,6440E+00
 -7,0504E-01 -8,6680E+00
 -7,0004E-01 -8,6910E+00
 -6,9504E-01 -8,7139E+00
 -6,9004E-01 -8,7368E+00
 -6,8504E-01 -8,7597E+00
 -6,8004E-01 -8,7827E+00
 -6,7504E-01 -8,8056E+00
 -6,7004E-01 -8,8270E+00
 -6,6504E-01 -8,8483E+00
 -6,6004E-01 -8,8695E+00
 -6,5504E-01 -8,8908E+00
 -6,5004E-01 -8,9120E+00
 -6,4504E-01 -8,9333E+00
 -6,4004E-01 -8,9538E+00
 -6,3503E-01 -8,9735E+00
 -6,3003E-01 -8,9931E+00
 -6,2503E-01 -9,0127E+00
 -6,2003E-01 -9,0323E+00
 -6,1503E-01 -9,0520E+00
 -6,1003E-01 -9,0716E+00
 -6,0503E-01 -9,0896E+00
 -6,0003E-01 -9,1077E+00
 -5,9503E-01 -9,1257E+00
 -5,9003E-01 -9,1438E+00
 -5,8503E-01 -9,1618E+00
 -5,8003E-01 -9,1799E+00
 -5,7503E-01 -9,1971E+00
 -5,7003E-01 -9,2137E+00
 -5,6503E-01 -9,2302E+00
 -5,6003E-01 -9,2468E+00
 -5,5503E-01 -9,2634E+00
 -5,5003E-01 -9,2799E+00
 -5,4503E-01 -9,2960E+00
 -5,4003E-01 -9,3114E+00
 -5,3503E-01 -9,3268E+00
 -5,3003E-01 -9,3422E+00
 -5,2503E-01 -9,3576E+00
 -5,2003E-01 -9,3722E+00
 -5,1503E-01 -9,3867E+00
 -5,1003E-01 -9,4013E+00
 -5,0503E-01 -9,4154E+00
 -5,0003E-01 -9,4294E+00
 -4,9503E-01 -9,4429E+00
 -4,9003E-01 -9,4565E+00
 -4,8503E-01 -9,4700E+00
 -4,8003E-01 -9,4828E+00
 -4,7503E-01 -9,4956E+00
 -4,7003E-01 -9,5084E+00
 -4,6503E-01 -9,5212E+00
 -4,6003E-01 -9,5332E+00
 -4,5502E-01 -9,5450E+00
 -4,5002E-01 -9,5568E+00
 -4,4502E-01 -9,5686E+00
 -4,4002E-01 -9,5804E+00
 -4,3502E-01 -9,5922E+00
 -4,3002E-01 -9,6031E+00
 -4,2502E-01 -9,6138E+00
 -4,2002E-01 -9,6244E+00
 -4,1502E-01 -9,6351E+00
 -4,1002E-01 -9,6458E+00
 -4,0502E-01 -9,6565E+00
 -4,0002E-01 -9,6665E+00
 -3,9502E-01 -9,6761E+00
 -3,9002E-01 -9,6857E+00
 -3,8502E-01 -9,6953E+00
 -3,8002E-01 -9,7049E+00
 -3,7502E-01 -9,7146E+00
 -3,7002E-01 -9,7237E+00
 -3,6502E-01 -9,7323E+00
 -3,6002E-01 -9,7409E+00
 -3,5502E-01 -9,7495E+00
 -3,5002E-01 -9,7581E+00
 -3,4502E-01 -9,7667E+00
 -3,4002E-01 -9,7750E+00
 -3,3502E-01 -9,7827E+00
 -3,3002E-01 -9,7903E+00
 -3,2502E-01 -9,7980E+00
 -3,2002E-01 -9,8056E+00
 -3,1502E-01 -9,8133E+00
 -3,1002E-01 -9,8209E+00
 -3,0502E-01 -9,8276E+00
 -3,0002E-01 -9,8344E+00
 -2,9502E-01 -9,8411E+00
 -2,9002E-01 -9,8479E+00
 -2,8502E-01 -9,8546E+00
 -2,8002E-01 -9,8614E+00
 -2,7502E-01 -9,8674E+00
 -2,7001E-01 -9,8733E+00
 -2,6501E-01 -9,8792E+00
 -2,6001E-01 -9,8851E+00
 -2,5501E-01 -9,8910E+00
 -2,5001E-01 -9,8969E+00
 -2,4501E-01 -9,9023E+00
 -2,4001E-01 -9,9074E+00
 -2,3501E-01 -9,9125E+00
 -2,3001E-01 -9,9176E+00
 -2,2501E-01 -9,9227E+00
 -2,2001E-01 -9,9278E+00
 -2,1501E-01 -9,9326E+00
 -2,1001E-01 -9,9369E+00
 -2,0501E-01 -9,9413E+00
 -2,0001E-01 -9,9456E+00
 -1,9501E-01 -9,9500E+00
 -1,9001E-01 -9,9543E+00
 -1,8501E-01 -9,9585E+00
 -1,8001E-01 -9,9621E+00
 -1,7501E-01 -9,9657E+00
 -1,7001E-01 -9,9694E+00
 -1,6501E-01 -9,9730E+00
 -1,6001E-01 -9,9766E+00
 -1,5501E-01 -9,9802E+00
 -1,5001E-01 -9,9831E+00
 -1,4501E-01 -9,9860E+00
 -1,4001E-01 -9,9890E+00
 -1,3501E-01 -9,9919E+00
 -1,3001E-01 -9,9948E+00
 -1,2501E-01 -9,9977E+00
 -1,2001E-01 -1,0000E+01
 -1,1501E-01 -1,0002E+01
 -1,1001E-01 -1,0005E+01
 -1,0501E-01 -1,0007E+01
 -1,0001E-01 -1,0009E+01
 -9,5005E-02 -1,0011E+01
 -9,0005E-02 -1,0013E+01
 -8,5005E-02 -1,0015E+01
 -8,0004E-02 -1,0016E+01
 -7,5004E-02 -1,0018E+01
 -7,0004E-02 -1,0020E+01
 -6,5004E-02 -1,0021E+01
 -6,0003E-02 -1,0023E+01
 -5,5003E-02 -1,0023E+01
 -5,0003E-02 -1,0024E+01
 -4,5002E-02 -1,0025E+01
 -4,0002E-02 -1,0026E+01
 -3,5002E-02 -1,0027E+01
 -3,0002E-02 -1,0028E+01
 -2,5001E-02 -1,0028E+01
 -2,0001E-02 -1,0029E+01
 -1,5001E-02 -1,0029E+01
 -1,0001E-02 -1,0029E+01
 -5,0003E-03 -1,0030E+01
  4,4409E-16 -1,0030E+01
  5,0003E-03 -1,0030E+01
  1,0001E-02 -1,0029E+01
  1,5001E-02 -1,0029E+01
  2,0001E-02 -1,0029E+01
  2,5001E-02 -1,0028E+01
  3,0002E-02 -1,0028E+01
  3,5002E-02 -1,0027E+01
  4,0002E-02 -1,0026E+01
  4,5002E-02 -1,0025E+01
  5,0003E-02 -1,0024E+01
  5,5003E-02 -1,0023E+01
  6,0003E-02 -1,0023E+01
  6,5004E-02 -1,0021E+01
  7,0004E-02 -1,0020E+01
  7,5004E-02 -1,0018E+01
  8,0004E-02 -1,0016E+01
  8,5005E-02 -1,0015E+01
  9,0005E-02 -1,0013E+01
  9,5005E-02 -1,0011E+01
  1,0001E-01 -1,0009E+01
  1,0501E-01 -1,0007E+01
  1,1001E-01 -1,0005E+01
  1,1501E-01 -1,0002E+01
  1,2001E-01 -1,0000E+01
  1,2501E-01 -9,9977E+00
  1,3001E-01 -9,9948E+00
  1,3501E-01 -9,9919E+00
  1,4001E-01 -9,9890E+00
  1,4501E-01 -9,9860E+00
  1,5001E-01 -9,9831E+00
  1,5501E-01 -9,9802E+00
  1,6001E-01 -9,9766E+00
  1,6501E-01 -9,9730E+00
  1,7001E-01 -9,9694E+00
  1,7501E-01 -9,9657E+00
  1,8001E-01 -9,9621E+00
  1,8501E-01 -9,9585E+00
  1,9001E-01 -9,9543E+00
  1,9501E-01 -9,9500E+00
  2,0001E-01 -9,9456E+00
  2,0501E-01 -9,9413E+00
  2,1001E-01 -9,9369E+00
  2,1501E-01 -9,9326E+00
  2,2001E-01 -9,9278E+00
  2,2501E-01 -9,9227E+00
  2,3001E-01 -9,9176E+00
  2,3501E-01 -9,9125E+00
  2,4001E-01 -9,9074E+00
  2,4501E-01 -9,9023E+00
  2,5001E-01 -9,8969E+00
  2,5501E-01 -9,8910E+00
  2,6001E-01 -9,8851E+00
  2,6501E-01 -9,8792E+00
  2,7001E-01 -9,8733E+00
  2,7502E-01 -9,8674E+00
  2,8002E-01 -9,8614E+00
  2,8502E-01 -9,8546E+00
  2,9002E-01 -9,8479E+00
  2,9502E-01 -9,8411E+00
  3,0002E-01 -9,8344E+00
  3,0502E-01 -9,8276E+00
  3,1002E-01 -9,8209E+00
  3,1502E-01 -9,8133E+00
  3,2002E-01 -9,8056E+00
  3,2502E-01 -9,7980E+00
  3,3002E-01 -9,7903E+00
  3,3502E-01 -9,7827E+00
  3,4002E-01 -9,7750E+00
  3,4502E-01 -9,7667E+00
  3,5002E-01 -9,7581E+00
  3,5502E-01 -9,7495E+00
  3,6002E-01 -9,7409E+00
  3,6502E-01 -9,7323E+00
  3,7002E-01 -9,7237E+00
  3,7502E-01 -9,7146E+00
  3,8002E-01 -9,7049E+00
  3,8502E-01 -9,6953E+00
  3,9002E-01 -9,6857E+00
  3,9502E-01 -9,6761E+00
  4,0002E-01 -9,6665E+00
  4,0502E-01 -9,6565E+00
  4,1002E-01 -9,6458E+00
  4,1502E-01 -9,6351E+00
  4,2002E-01 -9,6244E+00
  4,2502E-01 -9,6138E+00
  4,3002E-01 -9,6031E+00
  4,3502E-01 -9,5922E+00
  4,4002E-01 -9,5804E+00
  4,4502E-01 -9,5686E+00
  4,5002E-01 -9,5568E+00
  4,5502E-01 -9,5450E+00
  4,6003E-01 -9,5332E+00
  4,6503E-01 -9,5212E+00
  4,7003E-01 -9,5084E+00
  4,7503E-01 -9,4956E+00
  4,8003E-01 -9,4828E+00
  4,8503E-01 -9,4700E+00
  4,9003E-01 -9,4565E+00
  4,9503E-01 -9,4429E+00
  5,0003E-01 -9,4294E+00
  5,0503E-01 -9,4154E+00
  5,1003E-01 -9,4013E+00
  5,1503E-01 -9,3867E+00
  5,2003E-01 -9,3722E+00
  5,2503E-01 -9,3576E+00
  5,3003E-01 -9,3422E+00
  5,3503E-01 -9,3268E+00
  5,4003E-01 -9,3114E+00
  5,4503E-01 -9,2960E+00
  5,5003E-01 -9,2799E+00
  5,5503E-01 -9,2634E+00
  5,6003E-01 -9,2468E+00
  5,6503E-01 -9,2302E+00
  5,7003E-01 -9,2137E+00
  5,7503E-01 -9,1971E+00
  5,8003E-01 -9,1799E+00
  5,8503E-01 -9,1618E+00
  5,9003E-01 -9,1438E+00
  5,9503E-01 -9,1257E+00
  6,0003E-01 -9,1077E+00
  6,0503E-01 -9,0896E+00
  6,1003E-01 -9,0716E+00
  6,1503E-01 -9,0520E+00
  6,2003E-01 -9,0323E+00
  6,2503E-01 -9,0127E+00
  6,3003E-01 -8,9931E+00
  6,3503E-01 -8,9735E+00
  6,4004E-01 -8,9538E+00
  6,4504E-01 -8,9333E+00
  6,5004E-01 -8,9120E+00
  6,5504E-01 -8,8908E+00
  6,6004E-01 -8,8695E+00
  6,6504E-01 -8,8483E+00
  6,7004E-01 -8,8270E+00
  6,7504E-01 -8,8056E+00
  6,8004E-01 -8,7827E+00
  6,8504E-01 -8,7597E+00
  6,9004E-01 -8,7368E+00
  6,9504E-01 -8,7139E+00
  7,0004E-01 -8,6910E+00
  7,0504E-01 -8,6680E+00
  7,1004E-01 -8,6440E+00
  7,1504E-01 -8,6193E+00
  7,2004E-01 -8,5947E+00
  7,2504E-01 -8,5701E+00
  7,3004E-01 -8,5455E+00
  7,3504E-01 -8,5209E+00
  7,4004E-01 -8,4958E+00
  7,4504E-01 -8,4695E+00
  7,5004E-01 -8,4432E+00
  7,5504E-01 -8,4168E+00
  7,6004E-01 -8,3905E+00
  7,6504E-01 -8,3642E+00
  7,7004E-01 -8,3378E+00
  7,7504E-01 -8,3102E+00
  7,8004E-01 -8,2821E+00
  7,8504E-01 -8,2541E+00
  7,9004E-01 -8,2260E+00
  7,9504E-01 -8,1980E+00
  8,0004E-01 -8,1700E+00
  8,0504E-01 -8,1413E+00
  8,1004E-01 -8,1116E+00
  8,1504E-01 -8,0819E+00
  8,2004E-01 -8,0522E+00
  8,2505E-01 -8,0224E+00
  8,3005E-01 -7,9927E+00
  8,3505E-01 -7,9630E+00
  8,4005E-01 -7,9318E+00
  8,4505E-01 -7,9004E+00
  8,5005E-01 -7,8691E+00
  8,5505E-01 -7,8377E+00
  8,6005E-01 -7,8063E+00
  8,6505E-01 -7,7750E+00
  8,7005E-01 -7,7429E+00
  8,7505E-01 -7,7099E+00
  8,8005E-01 -7,6770E+00
  8,8505E-01 -7,6441E+00
  8,9005E-01 -7,6111E+00
  8,9505E-01 -7,5782E+00
  9,0005E-01 -7,5452E+00
  9,0505E-01 -7,5108E+00
  9,1005E-01 -7,4764E+00
  9,1505E-01 -7,4420E+00
  9,2005E-01 -7,4076E+00
  9,2505E-01 -7,3732E+00
  9,3005E-01 -7,3387E+00
  9,3505E-01 -7,3035E+00
  9,4005E-01 -7,2678E+00
  9,4505E-01 -7,2320E+00
  9,5005E-01 -7,1963E+00
  9,5505E-01 -7,1605E+00
  9,6005E-01 -7,1247E+00
  9,6505E-01 -7,0885E+00
  9,7005E-01 -7,0518E+00
  9,7505E-01 -7,0150E+00
  9,8005E-01 -6,9782E+00
  9,8505E-01 -6,9414E+00
  9,9005E-01 -6,9040E+00
  9,9505E-01 -6,8665E+00
  1,0001E+00 -6,8291E+00
  1,0051E+00 -6,7912E+00
  1,0101E+00 -6,7533E+00
  1,0151E+00 -6,7151E+00
  1,0201E+00 -6,6769E+00
  1,0251E+00 -6,6385E+00
  1,0301E+00 -6,5998E+00
  1,0351E+00 -6,5610E+00
  1,0401E+00 -6,5223E+00
  1,0451E+00 -6,4835E+00
  1,0501E+00 -6,4441E+00
  1,0551E+00 -6,4047E+00
  1,0601E+00 -6,3653E+00
  1,0651E+00 -6,3259E+00
  1,0701E+00 -6,2865E+00
  1,0751E+00 -6,2470E+00
  1,0801E+00 -6,2070E+00
  1,0851E+00 -6,1670E+00
  1,0901E+00 -6,1270E+00
  1,0951E+00 -6,0871E+00
  1,1001E+00 -6,0471E+00
  1,1051E+00 -6,0070E+00
  1,1101E+00 -5,9665E+00
  1,1151E+00 -5,9260E+00
  1,1201E+00 -5,8856E+00
  1,1251E+00 -5,8451E+00
  1,1301E+00 -5,8046E+00
  1,1351E+00 -5,7642E+00
  1,1401E+00 -5,7237E+00
  1,1451E+00 -5,6831E+00
  1,1501E+00 -5,6423E+00
  1,1551E+00 -5,6016E+00
  1,1601E+00 -5,5608E+00
  1,1651E+00 -5,5201E+00
  1,1701E+00 -5,4793E+00
  1,1751E+00 -5,4386E+00
  1,1801E+00 -5,3978E+00
  1,1851E+00 -5,3571E+00
  1,1901E+00 -5,3163E+00
  1,1951E+00 -5,2756E+00
  1,2001E+00 -5,2352E+00
  1,2051E+00 -5,1947E+00
  1,2101E+00 -5,1542E+00
  1,2151E+00 -5,1138E+00
  1,2201E+00 -5,0733E+00
  1,2251E+00 -5,0328E+00
  1,2301E+00 -4,9924E+00
  1,2351E+00 -4,9519E+00
  1,2401E+00 -4,9114E+00
  1,2451E+00 -4,8710E+00
  1,2501E+00 -4,8306E+00
  1,2551E+00 -4,7911E+00
  1,2601E+00 -4,7516E+00
  1,2651E+00 -4,7121E+00
  1,2701E+00 -4,6725E+00
  1,2751E+00 -4,6330E+00
  1,2801E+00 -4,5935E+00
  1,2851E+00 -4,5540E+00
  1,2901E+00 -4,5145E+00
  1,2951E+00 -4,4750E+00
  1,3001E+00 -4,4355E+00
  1,3051E+00 -4,3960E+00
